n_nodes,influence,n0,n1,n2,n3,n4
5,23.5700,134761,208959,103978,42900,88859
5,23.5700,19903,134761,224119,207573,84926
5,23.4800,19903,242538,134761,258821,88859
5,23.4800,202592,134761,224119,42900,46048
5,23.4800,19903,134761,202592,258821,88859
5,23.4800,134761,90074,42900,81498,88859
5,23.4800,7975,242538,202592,42900,88859
5,23.4800,7975,242538,42900,81498,88859
5,23.4800,19903,90074,103978,258821,169663
5,23.4800,134761,138063,137523,69049,19903
5,23.4800,134761,90074,202592,42900,88859
5,23.4800,19903,208959,134761,90074,88859
5,23.4800,19903,70213,258821,134761,232650
5,23.4800,202592,134761,224119,42900,46048
5,23.4800,134761,90074,103978,228272,84926
5,23.4800,202592,134761,103978,142007,84926
5,23.4800,134761,90074,202592,42900,88859
5,23.4800,134761,90074,202592,42900,88859
5,23.4800,19903,208959,134761,90074,88859
5,23.4800,70213,134761,184492,137523,19903
5,23.4800,134761,90074,202592,42900,88859
5,23.4800,134761,208959,103978,228272,84926
5,23.4800,7975,242538,42900,228272,84926
5,23.4800,19903,208959,103978,81498,88859
5,23.4800,53906,242538,81498,42900,88859
5,23.4800,134761,90074,224119,42900,88859
5,23.4800,202592,134761,103978,228272,84926
5,23.4800,19903,208959,103978,228272,88859
5,23.4800,258821,134761,167348,85690,84926
5,23.4800,134761,90074,202592,42900,88859
5,23.4800,134761,90074,202592,42900,88859
5,23.4800,134761,90074,202592,42900,70213
5,23.4800,134761,90074,202592,42900,88859
5,23.4800,134761,90074,81498,42900,88859
5,23.4800,134761,90074,202592,42900,88859
5,23.4800,19903,157036,103978,228272,84926
5,23.4800,202592,134761,103978,228272,88859
5,23.4800,19903,134761,137523,138063,84926
5,23.4800,134761,90074,202592,42900,70213
5,23.4800,134761,127985,81498,42900,70213
5,23.4800,202592,134761,81498,42900,88859
5,23.4800,134761,90074,103978,228272,84926
5,23.4800,19903,208959,103978,228272,84926
5,23.4800,19903,134761,137523,138063,88859
5,23.4800,134761,90074,202592,42900,88859
5,23.4800,134761,90074,202592,42900,88859
5,23.4800,19903,242538,134761,90074,88859
5,23.4800,19903,134761,202592,258821,46048
5,23.4800,202592,134761,224119,42900,88859
5,23.4800,134761,90074,202592,42900,88859
5,23.4800,134761,90074,202592,42900,88859
5,23.4800,7975,242538,42900,81498,88859
5,23.4800,134761,90074,202592,42900,88859
5,23.4800,7975,242538,42900,81498,88859
5,23.4800,19903,208959,103978,228272,84926
5,23.4800,19903,134761,224119,42900,88859
5,23.4800,134761,90074,103978,258821,169663
5,23.4800,19903,134761,137523,138063,88859
5,23.4800,134761,90074,202592,42900,88859
5,23.4800,19903,208959,134761,90074,88859
5,23.4800,134761,90074,202592,42900,88859
5,23.4800,134761,90074,81498,42900,84926
5,23.4800,134761,90074,103978,258821,46048
5,23.4800,19903,208959,134761,90074,88859
5,23.4800,202592,134761,224119,42900,88859
5,23.4800,134761,90074,202592,42900,88859
5,23.4800,202592,134761,103978,228272,84926
5,23.4800,19903,208959,103978,228272,84926
5,23.4800,134761,90074,81498,42900,84926
5,23.4800,202592,134761,224119,42900,88859
5,23.4800,202592,134761,103978,228272,84926
5,23.4800,19903,208959,134761,90074,88859
5,23.4800,134761,90074,202592,42900,88859
5,23.4800,202592,134761,103978,228272,84926
5,23.4800,134761,90074,103978,258821,88859
5,23.4800,19903,208959,134761,90074,88859
5,23.4800,134761,90074,202592,42900,88859
5,23.4800,258821,134761,167348,85690,88859
5,23.4800,134761,90074,202592,42900,88859
5,23.4800,19903,208959,103978,228272,84926
5,23.4800,134761,90074,202592,42900,88859
5,23.4800,134761,90074,202592,42900,88859
5,23.4800,134761,208959,103978,228272,84926
5,23.4800,19903,208959,103978,228272,84926
5,23.4800,134761,90074,103978,258821,88859
5,23.4800,134761,90074,202592,42900,88859
5,23.4800,19903,208959,103978,228272,84926
5,23.4800,7975,242538,42900,81498,88859
5,23.4800,134761,242538,81498,42900,88859
5,23.4800,7975,242538,42900,81498,88859
5,23.4800,134761,208959,103978,228272,84926
5,23.4800,134761,90074,103978,258821,88859
5,23.4800,202592,134761,224119,42900,88859
5,23.4800,19903,208959,103978,228272,84926
5,23.4800,202592,134761,224119,42900,88859
5,23.4800,134761,90074,103978,258821,88859
5,23.4800,258821,134761,167348,85690,88859
5,23.4800,19903,208959,103978,228272,84926
5,23.4800,134761,90074,202592,42900,88859
5,23.4800,134761,90074,81498,42900,88859
5,23.4800,202592,134761,224119,42900,88859
5,23.4800,202592,134761,103978,228272,208959
5,23.4800,134761,90074,202592,42900,84926
5,23.4800,258821,134761,167348,85690,88859
5,23.4800,19903,134761,137523,138063,88859
5,23.4800,202592,134761,224119,42900,88859
5,23.4800,134761,90074,81498,42900,88859
5,23.4800,134761,90074,202592,42900,88859
5,23.4800,19903,134761,137523,138063,88859
5,23.4800,202592,134761,103978,228272,84926
5,23.4800,134761,90074,103978,258821,88859
5,23.4800,134761,90074,202592,42900,88859
5,23.4800,134761,208959,103978,228272,84926
5,23.4800,134761,90074,202592,42900,88859
5,23.4800,202592,134761,103978,228272,84926
5,23.4800,19903,242538,134761,90074,88859
5,23.4800,134761,90074,202592,42900,88859
5,23.4800,134761,127985,81498,42900,88859
5,23.4800,19903,134761,224119,42900,88859
5,23.4800,134761,90074,81498,42900,88859
5,23.4800,134761,90074,103978,258821,88859
5,23.4800,134761,90074,81498,42900,88859
5,23.4800,202592,134761,103978,228272,84926
5,23.4800,19903,208959,103978,228272,84926
5,23.4800,19903,134761,137523,138063,88859
5,23.4800,134761,90074,202592,42900,88859
5,23.4800,134761,90074,202592,42900,88859
5,23.3900,202592,219149,258821,134761,88859
